1800 500
1406
4340
4149
1703
6807
8971
3600
2637
7852
1176
9214
45
9222
4110
7905
9493
3952
3085
7840
8906
8897
9433
6261
8624
3409
465
2207
6634
7652
3191
3414
4671
9621
9409
9283
8052
1785
3276
5061
9458
9232
7238
5016
5059
9950
8739
8790
1444
3000
2718
7899
7266
8878
434
895
7450
7052
3787
3654
4141
4231
4123
9376
8031
3845
6970
5144
3056
1719
557
327
7583
6390
8557
5574
6954
5053
6403
7650
556
5761
4602
5960
8063
4368
4987
3601
8747
6569
9715
8760
9194
8424
6210
196
7703
4803
2608
1263
2322
3012
9360
8997
7478
3981
2677
1301
8109
9862
777
8476
7989
2493
724
2876
5572
3123
5835
1463
54
7593
4285
2978
3581
4018
3726
5379
1737
6073
2793
8936
4958
350
5120
4202
4977
3088
7045
160
3208
3140
9173
3377
9021
7509
2592
8022
8785
6684
2257
331
9984
4558
2501
2540
2300
8509
1962
1178
1331
6804
6655
3074
3991
5475
882
8703
4196
5107
2418
1255
9105
5065
9560
479
9411
5045
8310
5377
9804
3946
8378
7857
7817
3742
5030
7765
873
5704
222
3185
3568
1204
6102
8380
4983
3489
9781
6511
1968
360
7152
4482
999
2642
1643
8501
8219
4263
9613
6719
6135
1269
4054
7455
9416
3255
9372
6287
9857
9413
9803
884
5558
8027
5273
377
1972
1224
1214
7295
6428
5609
6545
4496
437
6192
9367
41
8980
2173
5958
4962
5366
2047
4919
4328
8693
9285
9271
9004
5817
5134
3991
8370
364
3717
9752
8608
655
6995
2152
3234
7431
7117
5919
8524
3315
2456
8397
3291
496
448
9127
1226
1399
6660
8807
2046
8520
1302
3581
6833
5968
1275
8286
1338
7053
8466
4522
6298
3959
8017
4934
77
6586
3100
3557
4697
508
9597
819
2925
2994
9252
3826
7497
9831
1228
8278
9483
9877
1225
9642
8310
8010
3695
7652
5544
5914
7040
8145
7447
5756
3876
9244
8706
7610
2168
6919
3254
6548
5091
425
8345
3743
9141
5491
4993
1558
5782
768
1218
9353
1436
1815
9809
4388
6665
2902
7136
4336
4287
74
7980
4640
8638
1543
8555
7790
5885
7450
2844
5572
9851
4131
1979
1322
6703
841
1993
6931
625
980
8939
2482
2420
2024
5901
3330
4453
146
476
3772
5416
1750
5909
4873
6687
3211
824
3510
4047
5815
7267
3896
6405
3324
998
8759
9659
5083
4536
7755
3623
7429
541
9682
945
4926
6880
4118
3121
9535
2946
2336
5657
96
5115
6298
6196
8340
9352
687
4696
3767
9247
1545
7549
1110
6960
5194
7030
5312
8786
9715
9085
304
9557
9313
2816
8889
3404
419
9727
6752
4080
504
3613
8330
1172
2468
5146
1484
5874
888
821
9055
4856
4301
5277
9490
5039
187
2754
7985
6189
2223
8216
3351
5035
6054
2294
7845
4894
9573
4332
3088
8989
795
9543
4455
2001
8136
9512
796
1478
3677
4733
7889
5322
1051
2609
2416
3880
1520
6579
3036
5482
2002
4795
9604
8055
8811
6742
5353
869
1319
526
356
5566
9618
5718
7325
9300
7693
1265
101
4749
6935
8807
7487
9582
5330
987
7682
4205
4129
2138
8518
7224
773
3025
7356
1696
2253
1751
5130
8893
3664
8645
6037
9633
2187
9063
2156
8186
8054
9799
805
1520
8144
7968
4178
3598
4609
3198
9365
785
4541
8222
9765
7694
7179
660
1161
2448
3810
6365
726
8439
1941
5524
8415
729
7090
9595
128
512
2768
6484
8512
8981
6354
9427
3811
2676
7404
6013
7555
8214
7939
9087
4044
8468
6352
208
6132
46
5820
6120
3729
241
7777
7576
6444
4697
6453
3384
2562
4494
8585
8288
1737
8074
3714
4086
8942
4608
838
8452
3827
7556
8460
6353
720
8417
6552
7512
5551
7791
178
6915
5700
5734
7936
9603
6108
1826
2537
8853
1872
2378
3165
2932
7627
2541
8302
6706
4607
5778
1893
7827
2765
1138
5794
5888
2099
6684
6991
1643
9798
443
4892
252
1737
4608
5032
2890
6022
746
8381
7514
9450
4286
6862
6817
1844
2723
5301
9300
7956
2478
3298
8624
9689
933
1311
4719
7467
8768
1452
620
7171
4742
1131
297
9890
7300
5225
9589
1589
6943
5084
8741
698
9053
5626
5922
2777
6081
1682
1944
8958
8196
7385
6513
560
4199
1188
3056
9932
5543
2364
8383
9824
4118
5827
5122
7198
4909
5900
9815
7098
761
4921
2346
1628
976
1204
1569
1873
90
8975
5486
6796
8060
6417
2681
4772
6680
8748
4863
2808
5568
9678
7213
923
9491
1856
1779
368
9905
7695
2951
432
485
2051
85
8589
9912
8805
9865
5448
3404
9132
3862
8957
6759
441
1911
600
9343
8120
5457
1163
4573
6328
1046
8732
3263
3124
364
4468
8092
1561
6879
4683
920
2522
2347
9708
1625
6628
7385
2361
5731
7835
4971
4625
7685
4594
4538
5839
1851
4215
6239
6428
1294
3370
8462
1300
5802
7081
259
33
1838
1272
419
8952
2561
3198
9148
1741
6571
3358
4964
9930
5822
1235
8500
4427
7380
8909
1286
5154
64
8151
2849
9744
9329
7180
6799
8761
8053
8712
3957
4030
8501
6704
4450
7438
3047
6426
6938
7877
8152
8230
2449
7740
4486
921
5577
1126
7771
8354
2979
7246
7655
7552
3327
4819
1476
1240
9227
6271
3293
2030
4751
523
8988
5390
5615
309
3285
871
610
7265
9272
7773
9100
980
2751
2462
1900
4919
8460
2044
1688
2562
6038
2819
5880
9257
4100
1192
8622
4751
7115
5880
9035
3368
3582
1719
3668
9580
2497
3828
7686
7609
7169
1185
4966
9940
7248
6900
7810
6802
3653
3653
9756
2771
9155
7341
2555
4556
8091
6677
9795
5536
2494
4075
5921
4063
2389
892
9518
4066
5349
5742
543
1795
4383
2980
8183
7380
1859
5901
3764
914
531
1325
5614
1315
4384
2865
5022
188
1877
8837
2656
4469
557
4771
8647
7889
498
6763
4166
3525
2033
189
2353
1032
4447
3278
1039
9744
1990
9240
5146
3899
1533
4888
9810
3495
1039
9041
1229
7731
7158
4092
7794
8788
4071
821
705
7412
8536
8990
9887
636
6367
857
5227
5003
9039
4973
4351
1749
8262
6561
27
9364
802
6776
8949
2121
8738
147
2329
2137
3808
4536
4783
8080
8978
111
2565
9039
3142
8465
1235
2640
1047
9242
1924
1642
3302
7589
894
7792
5443
1596
9388
2057
8436
8810
4010
1727
3550
2381
752
4291
5011
5150
7874
278
7819
9798
2970
7817
4909
3198
2801
1214
3401
9302
1397
2871
5646
2551
4981
3748
968
3779
5972
2190
5686
2917
337
2449
9993
189
2882
364
9228
2998
3206
7530
5970
9973
1251
4943
2981
4096
9149
2885
2994
3244
9521
5575
1747
3375
8700
3315
1225
9491
6285
3866
7591
1530
9100
1780
8745
8367
1924
4626
1957
829
593
2357
3288
1947
7940
4192
4459
6418
4314
2959
8073
9819
1563
9023
8990
4319
991
5551
1707
1168
2256
3378
998
955
4658
1640
6103
7074
4586
301
5454
1905
4382
9332
995
9034
7093
3726
2585
7698
2024
7903
279
5004
7477
1591
2246
9675
3908
1561
9056
9448
3928
7330
9826
4035
435
1891
9960
6762
497
2977
5724
9822
4100
1210
5687
4146
801
3033
2384
9730
9943
7934
5032
2391
3347
6929
5673
6904
4402
5336
6286
6115
2944
815
6685
2315
7186
505
1219
8138
406
6415
1249
3669
7695
5949
8835
4603
137
8022
4727
6515
2250
4205
2437
161
2058
6034
5704
4590
4078
8045
6820
3693
888
422
4959
7023
6713
7702
3654
8552
8376
143
3809
7394
1121
321
451
4828
1169
6940
3758
3744
2912
6086
6398
8851
6699
7658
476
2633
8913
6979
576
229
68
306
6921
7188
9425
1508
8933
879
618
4926
3627
6607
7235
6396
662
1526
8434
3732
7523
2681
2125
3144
1801
8478
9753
3980
2287
9044
7503
3606
1991
700
8867
4244
1196
3734
7803
3984
6417
8722
2222
3437
1666
8408
7447
7738
5985
43
7481
5750
3467
8841
8214
3652
5702
6015
1827
5189
5299
4096
1629
2361
2588
5306
111
645
2971
1306
8092
2317
3971
3431
7937
3601
2093
7710
6604
9690
8832
7885
532
3798
7963
5225
4316
8895
1620
6964
1727
2800
7813
853
8847
1059
1555
1398
624
855
8029
2027
4886
3427
6829
5885
9602
5445
8127
4442
5368
4783
5171
1291
7671
6278
9092
3233
7551
3308
5550
2582
4480
3980
3598
6437
42
1351
1132
4188
6327
8987
2052
3006
194
1093
3419
4933
4586
8728
5099
4334
4961
7231
1729
5240
8976
5511
3227
6899
1478
7681
1162
5760
9081
4493
8838
2113
5253
2188
2038
819
309
1498
5345
7026
1353
6697
1184
7413
7878
3329
6552
9570
6474
4129
5813
3176
387
2253
9005
2786
6591
6833
6669
5582
6599
3351
284
8247
9000
999
3923
5553
6780
7225
5670
3636
5601
1487
3199
5887
1265
1171
9953
3638
445
8907
6612
4018
6920
1684
3197
8195
457
5141
6360
1880
30
7812
9885
3474
7907
3363
2590
8953
3453
6652
6958
3016
9258
2559
876
2220
5054
1822
4154
207
3428
8921
5817
8264
1089
1049
7407
6712
2918
2315
3593
7648
1613
3457
3803
258
2566
4866
1321
1258
5447
8475
71
2366
7046
5116
3047
2936
1804
8053
1266
1063
2011
4078
3850
4924
4709
4866
4363
7716
1072
3123
5813
6131
7435
8547
2288
2648
4817
9826
3411
9707
3183
1069
9190
727
2062
6307
3639
6765
9949
4748
3249
8276
6005
1282
2338
6741
9958
613
8234
2751
9222
8870
4796
4188
6171
5773
4001
9934
3462
3292
1356
9347
5248
7544
2356
4090
1554
1983
584
366
4578
7717
7150
5873
2549
7585
5561
3900
9106
9791
5276
9353
2490
2124
562
3839
5159
4015
1909
2673
6934
3009
8702
5482
385
1860
9661
526
5829
7720
4136
8755
6786
6809
1405
4032
5899
7591
9108
4156
4806
5216
3996
9534
36
743
1859
4915
8016
7411
6639
3573
6062
538
2160
7411
5886
7473
3400
582
9745
5360
2555
3249
3334
4237
8108
3576
8700
353
8835
8402
4022
4357
9569
3428
7148
8307
1773
4370
7876
7116
3367
67
756
3754
9689
862
2119
454
8876
8696
8086
4724
7043
3322
8786
6226
3429
7442
2491
1840
7962
9426
9291
7068
9838
375
7161
6117
7540
3411
728
2995
3589
1059
692
7559
1716
2504
7864
1375
9162
8652
710
7911
3187
2261
4187
4922
1728
6030
1548
387
8987
7904
5236
7154
9772
8405
9786
3666
7943
3867
7856
1740
2591
1738
6292
7876
499
3461
2403
2943
7721
4781
7515
9908
7386
7788
1770
7535
8043
7561
5030
8527
412
9356
7602
1242
6777
6776
4552
7184
4707
2557
4999
6712
2987
5054
8148
4502
566
6773