1643	500000
5405	17											
7421	13											
8708	16											
6463	7											
5310	11											
5110	14											
5093	14											
4160	13											
1104	22											
2067	8											
1367	1											
9872	11											
373	13											
996	2											
3799	6											
3464	1											
3636	12											
9137	19											
7775	8											
9451	16											
8731	15											
5332	23											
6372	7											
543	13											
8247	6											
6537	3											
3296	13											
7177	14											
1007	10											
7168	4											
3588	9											
3129	13											
7152	21											
9180	15											
11	9											
3088	17											
2417	13											
1555	18											
4232	1											
1836	16											
1478	10											
1805	4											
4621	15											
3843	13											
9316	11											
9136	10											
8088	24											
2524	15											
1147	18											
7483	23											
2830	9											
8712	23											
7920	23											
7534	19											
2435	17											
8627	4											
8190	6											
1990	21											
7013	14											
7640	6											
5963	8											
1856	17											
7717	21											
4544	9											
7701	22											
6287	20											
283	1											
7451	6											
1838	10											
9251	9											
9139	18											
3537	10											
6602	1											
2948	5											
5780	8											
9120	14											
1182	20											
8989	9											
9752	1											
3436	4											
7134	17											
6763	12											
5293	14											
1022	18											
3786	7											
9051	19											
9426	25											
6321	20											
3604	17											
8420	4											
125	19											
9712	8											
2145	18											
7769	13											
9042	15											
4848	3											
5796	22											
6907	21											
2725	21											
6447	19											
2560	19											
2843	15											
1783	20											
9263	6											
2152	17											
7812	8											
6017	24											
2533	21											
9761	19											
3730	2											
8290	13											
4219	16											
9348	15											
5723	22											
9593	2											
6530	16											
2894	15											
7139	15											
3733	23											
9541	23											
6479	10											
5483	5											
8499	20											
6634	25											
8030	9											
478	22											
2799	19											
3685	20											
2915	5											
6801	23											
1199	5											
8802	12											
9991	10											
6008	11											
5289	17											
4320	1											
548	25											
7858	24											
7431	16											
9533	10											
7009	17											
4964	16											
720	17											
9973	15											
7473	1											
1291	10											
33	2											
8800	9											
3877	20											
7502	23											
430	2											
4398	18											
9518	18											
267	11											
213	4											
6523	24											
9611	2											
7059	4											
1381	13											
6804	2											
7558	20											
3354	1											
3802	5											
7594	13											
5883	25											
9290	13											
5853	18											
2481	21											
1462	11											
3472	25											
2802	16											
3681	4											
387	5											
584	22											
8081	18											
4975	25											
9605	14											
6470	22											
9545	9											
2318	10											
5786	14											
2157	6											
3999	13											
5179	8											
1242	15											
6455	5											
1514	16											
592	18											
1550	16											
5778	17											
7448	4											
418	15											
631	4											
5391	11											
6729	18											
5626	20											
3626	3											
202	21											
2862	20											
4630	23											
1361	16											
7154	23											
4654	3											
9773	22											
3283	22											
666	22											
1902	16											
8991	9											
2009	23											
8299	14											
6981	24											
6221	13											
3255	13											
791	6											
6916	24											
1148	7											
6189	1											
9264	22											
5480	6											
7401	16											
7699	12											
3661	11											
4404	19											
6676	6											
5868	13											
4058	18											
7821	15											
8600	4											
3952	12											
8433	22											
9689	5											
7545	2											
5345	8											
2966	19											
714	21											
5535	20											
4245	5											
4230	24											
956	25											
8158	10											
9319	6											
5330	5											
5188	25											
2752	17											
7843	16											
2667	22											
8900	13											
7620	14											
6209	8											
2078	14											
7556	2											
4402	22											
3395	4											
9428	19											
3828	10											
3650	6											
5204	21											
1287	15											
7001	19											
2467	22											
728	24											
2049	17											
1862	21											
1003	18											
3761	1											
2054	3											
1884	8											
4667	25											
1461	11											
9568	23											
4137	20											
3878	6											
7011	23											
1893	8											
5980	9											
330	7											
2979	25											
2750	19											
1604	7											
1189	20											
3085	15											
287	19											
9167	22											
5190	3											
6642	7											
2443	12											
8129	25											
3763	21											
4071	4											
1566	14											
4825	20											
8098	22											
2905	20											
2226	10											
483	8											
2882	16											
4666	5											
2457	17											
3164	16											
4492	15											
9359	14											
3273	10											
9154	17											
2260	8											
5748	15											
245	25											
4815	17											
2337	2											
2208	5											
927	16											
8992	8											
4864	6											
3743	8											
8899	7											
7634	21											
2416	11											
6308	17											
7213	10											
5166	4											
7332	25											
9843	3											
4164	3											
8993	20											
977	14											
4782	12											
1001	20											
8479	9											
6982	9											
907	16											
1830	11											
3591	16											
2757	15											
1329	12											
3684	21											
27	21											
5431	14											
2244	8											
4046	13											
571	12											
3202	25											
9687	10											
5209	9											
7554	18											
7257	8											
8474	12											
8394	23											
7564	16											
4507	1											
6948	11											
6871	23											
2726	14											
6312	10											
7206	19											
8639	22											
1916	4											
9916	2											
2265	4											
7777	25											
2931	1											
5123	19											
549	20											
3647	9											
6149	8											
3280	8											
8078	24											
1814	19											
9578	23											
3431	4											
1530	19											
809	16											
7127	10											
5672	4											
8447	21											
9131	21											
7591	7											
3306	5											
6302	20											
9622	22											
4976	2											
1186	14											
4919	20											
4085	2											
6452	19											
4049	8											
4803	13											
1952	2											
103	3											
2651	12											
4895	19											
7819	19											
9242	12											
1011	11											
1709	7											
637	5											
1337	22											
2322	14											
1171	10											
2505	8											
739	13											
6856	1											
376	22											
1609	21											
7446	11											
1782	16											
5275	5											
490	6											
4240	9											
3824	22											
4622	7											
3261	22											
6877	23											
2849	14											
7275	6											
3938	9											
6135	24											
4564	9											
4835	13											
635	2											
7848	1											
5931	4											
3827	8											
5466	2											
1837	23											
6619	24											
6422	24											
6176	19											
782	10											
420	17											
4186	24											
8810	15											
3012	24											
9432	5											
5861	24											
40	6											
7128	22											
788	3											
4576	15											
4313	12											
2474	15											
412	18											
6108	21											
5575	10											
9305	16											
1052	8											
1684	17											
9860	3											
1732	3											
7588	13											
6842	3											
8730	15											
6436	14											
4372	21											
2218	7											
6898	19											
5556	14											
4637	24											
7603	18											
1424	1											
2171	15											
4119	7											
1680	20											
8251	11											
229	24											
9907	22											
7190	21											
5146	2											
2074	5											
7644	8											
8737	16											
4054	10											
7646	22											
1004	5											
3912	14											
3331	20											
3251	10											
9277	23											
2771	17											
6757	18											
806	2											
5546	2											
8567	18											
5437	12											
5846	8											
8160	7											
150	6											
5046	23											
2239	11											
6575	24											
3690	16											
8450	14											
7241	11											
4730	14											
8575	6											
6014	24											
9443	16											
669	17											
1121	14											
1504	9											
2411	15											
6743	11											
4754	16											
6286	18											
1794	3											
8171	7											
2385	22											
4560	21											
1985	10											
159	6											
9549	25											
1216	23											
4761	7											
1811	22											
5325	14											
5860	20											
3360	22											
9115	1											
6203	18											
1019	7											
7783	18											
943	18											
8415	9											
1417	23											
7235	11											
4273	3											
3607	8											
6423	4											
8131	11											
4295	18											
2082	3											
6788	15											
2090	16											
1188	25											
9554	1											
8724	3											
7831	12											
1085	24											
9205	10											
7760	3											
9337	4											
934	23											
7854	25											
4031	5											
2306	13											
295	7											
1196	14											
9286	15											
3463	1											
2723	10											
1390	2											
8172	3											
8635	24											
8024	24											
5599	10											
1881	15											
5376	3											
5248	11											
5564	6											
5854	16											
1891	17											
1503	16											
2356	15											
3911	10											
7417	14											
2691	9											
463	23											
4655	25											
3631	23											
9075	12											
7006	22											
7025	17											
9146	10											
9463	16											
5661	12											
2628	11											
6527	24											
9092	12											
6330	17											
5235	3											
9659	15											
7290	24											
42	10											
1915	18											
1613	2											
4907	21											
9058	6											
2133	1											
7223	25											
6545	8											
4010	14											
2137	21											
2991	9											
1416	20											
4173	17											
8932	18											
7486	18											
9607	22											
9453	4											
3776	15											
6285	15											
749	10											
7228	22											
6141	18											
8585	19											
3527	18											
6990	21											
2379	1											
5461	2											
5742	14											
9559	14											
4535	8											
7247	15											
9871	13											
2592	13											
8828	22											
4886	16											
8001	12											
7765	5											
7871	24											
4904	2											
1645	10											
3964	10											
8326	5											
7704	19											
4296	23											
8002	20											
9900	13											
9610	23											
7766	5											
2071	10											
8141	18											
2261	19											
8149	24											
2272	21											
4795	15											
7020	13											
8052	8											
2886	16											
5572	8											
2763	19											
1565	13											
9815	3											
1872	13											
5288	12											
3841	12											
3373	14											
650	22											
9297	16											
1682	23											
6036	17											
8307	12											
4724	22											
1208	13											
1063	8											
7758	11											
7925	19											
3890	23											
8651	22											
777	16											
7403	24											
658	6											
7363	21											
5805	5											
4376	9											
9195	14											
5609	1											
837	10											
3442	16											
2528	8											
1396	15											
586	6											
9713	1											
7720	20											
1108	5											
702	10											
4023	11											
9937	14											
7725	11											
9221	20											
31	12											
9931	3											
4018	10											
3819	11											
6349	2											
1446	15											
3243	11											
3508	22											
4517	12											
4640	20											
5698	3											
1757	24											
689	12											
5929	23											
6284	3											
7668	24											
9343	17											
5053	12											
3116	10											
6539	3											
3605	20											
2871	8											
8955	19											
8551	14											
4800	20											
8939	7											
4321	18											
9794	3											
7155	9											
1655	21											
2068	22											
866	11											
9734	24											
6449	24											
1729	10											
4589	7											
7031	25											
4044	10											
2876	17											
9528	23											
2955	17											
7633	5											
568	5											
5410	16											
8894	1											
6572	20											
972	8											
604	15											
3229	2											
1577	7											
2724	7											
4505	2											
3358	23											
3193	17											
4233	7											
6949	3											
8071	11											
693	6											
4996	24											
914	9											
1316	24											
5597	18											
9308	13											
8456	11											
2827	14											
7773	16											
2619	11											
1648	17											
2658	13											
4780	22											
6511	22											
6328	10											
342	8											
6748	13											
9194	22											
6355	18											
7746	24											
2422	18											
4909	25											
7767	14											
1142	19											
4073	3											
6390	11											
7891	7											
6977	8											
3757	5											
7817	20											
2319	14											
5149	19											
6646	23											
1274	11											
991	19											
6941	12											
1070	24											
133	2											
7687	16											
3734	10											
3319	8											
1203	10											
2423	3											
9483	14											
5509	21											
395	25											
6289	20											
6307	20											
2364	17											
7004	1											
2502	15											
1029	6											
889	25											
2037	10											
5638	12											
8170	21											
8988	18											
3093	17											
721	12											
6577	20											
4483	16											
8090	8											
9574	25											
2021	13											
4027	4											
2329	23											
7487	1											
5725	4											
1209	4											
7370	13											
7897	8											
5098	9											
1290	9											
1848	9											
4648	23											
4933	10											
9933	18											
4062	15											
7355	7											
360	15											
2140	18											
6496	9											
8232	17											
2679	3											
2325	11											
5072	8											
1583	11											
9254	17											
7942	24											
4303	8											
6690	15											
5425	23											
4111	15											
7085	22											
5783	13											
4726	13											
4584	7											
3394	15											
2885	21											
1537	18											
6169	22											
7413	13											
3921	2											
6761	6											
5557	12											
9304	23											
8105	9											
6903	14											
6723	19											
6453	11											
5543	16											
155	18											
830	8											
8392	17											
3094	3											
835	12											
3955	24											
999	10											
7560	12											
5189	22											
8314	13											
2702	1											
1128	13											
3378	20											
2639	11											
4442	15											
8986	5											
1166	18											
3133	23											
6025	24											
6409	5											
3915	1											
8388	5											
6697	24											
4315	5											
77	9											
3879	14											
9952	6											
2366	25											
1715	21											
5649	5											
9491	5											
3303	2											
6603	6											
1562	19											
3679	17											
4175	3											
4757	3											
1275	19											
6146	3											
4478	9											
6153	20											
439	20											
2753	3											
2139	11											
9419	4											
9832	5											
6318	22											
9833	13											
4234	25											
9806	17											
7707	3											
2518	9											
8151	19											
5010	1											
1668	3											
9260	16											
624	10											
1253	1											
6154	11											
6576	14											
3390	18											
8598	21											
2418	3											
7997	12											
9570	24											
4597	5											
8921	21											
6210	11											
2608	4											
4562	1											
8772	6											
8970	15											
970	20											
3106	25											
2508	2											
6267	17											
3505	23											
6994	1											
1173	4											
8938	25											
2796	4											
1139	14											
4816	22											
6643	25											
8805	21											
6960	14											
2712	2											
5271	6											
8445	7											
7220	18											
3509	2											
1169	25											
4159	9											
8221	7											
5673	11											
9746	5											
6107	9											
7892	24											
2363	14											
5086	2											
9747	9											
1161	6											
6724	19											
9	10											
2996	4											
7574	24											
7333	10											
7700	16											
9374	23											
3536	19											
1292	25											
8583	14											
3742	3											
1430	9											
4228	14											
7713	18											
6116	19											
7905	18											
1157	12											
6673	1											
4412	21											
9172	14											
8926	10											
2441	22											
9688	2											
6231	7											
9982	11											
7776	18											
7951	7											
801	24											
1667	19											
1046	15											
6821	1											
5880	14											
5304	17											
7018	15											
6492	7											
474	1											
6529	19											
619	24											
593	14											
9532	21											
2382	15											
5874	16											
6867	3											
5213	11											
5992	6											
9524	5											
8166	9											
1074	12											
2599	2											
7999	2											
2330	14											
6254	18											
2506	8											
5114	13											
2801	17											
4078	15											
942	5											
4396	25											
9914	14											
7441	1											
3376	10											
6840	14											
7358	19											
6571	14											
4770	15											
1695	15											
4416	6											
6101	13											
6420	22											
3511	13											
9232	8											
6109	23											
3738	18											
3667	7											
2020	22											
9538	25											
7551	5											
3392	8											
5386	14											
6953	19											
5062	8											
4407	18											
814	1											
4221	8											
2903	18											
608	5											
2214	8											
6148	25											
4444	13											
3833	24											
3535	1											
8769	24											
6744	2											
9640	9											
7356	18											
58	4											
5211	18											
6373	2											
6649	3											
2176	6											
5501	2											
299	18											
9727	22											
3611	25											
1297	7											
919	2											
9100	9											
2249	18											
1136	19											
5462	11											
7465	21											
3549	1											
3396	9											
9158	13											
2088	11											
1475	22											
8177	12											
2310	25											
2616	13											
143	16											
96	19											
6854	23											
419	24											
8721	8											
1493	22											
6892	20											
1956	2											
9055	19											
674	13											
7081	18											
7181	11											
5141	16											
2976	3											
1034	16											
864	17											
3524	9											
1727	1											
2521	4											
8207	3											
5718	18											
4853	8											
2595	1											
1264	1											
2657	21											
649	24											
9321	11											
3725	12											
5084	22											
4035	4											
4693	4											
959	7											
7065	12											
7288	5											
453	5											
8028	21											
2873	8											
9779	22											
9539	19											
1973	25											
4271	4											
2822	17											
6835	21											
9992	8											
6168	7											
644	2											
9579	11											
5460	13											
2853	25											
5834	18											
2620	20											
4209	12											
78	20											
1863	21											
284	10											
772	25											
5910	10											
4549	10											
4436	19											
2744	18											
4516	12											
925	16											
4951	7											
7147	1											
8878	14											
6512	11											
4897	6											
391	18											
3931	23											
5809	3											
5524	18											
7145	14											
5744	12											
8844	5											
3029	6											
8853	19											
2920	19											
8191	22											
3863	4											
4474	10											
8789	22											
1469	2											
5605	10											
966	20											
5647	19											
7230	2											
7160	25											
9259	8											
3503	23											
8727	22											
1644	2											
3175	14											
560	21											
3087	10											
9141	5											
2900	8											
6654	14											
6997	24											
642	22											
2311	14											
1671	12											
5446	13											
2527	21											
9060	11											
6145	9											
2566	1											
7791	12											
7340	3											
1632	11											
7449	8											
6784	23											
5216	18											
4573	3											
1382	10											
9910	14											
71	15											
8233	5											
6686	21											
8259	22											
5074	17											
5282	9											
5614	9											
7204	16											
6918	5											
4696	8											
1937	22											
138	19											
590	12											
6378	2											
5737	23											
4875	8											
6191	11											
7330	23											
7530	14											
1557	14											
1110	13											
9599	6											
8794	19											
7157	7											
120	5											
8880	23											
2212	24											
1054	8											
6655	8											
8710	20											
9505	20											
7457	5											
3498	13											
4942	25											
7570	13											
3623	4											
9224	13											
8412	2											
6437	24											
7050	10											
2888	6											
7524	25											
5101	18											
2582	19											
7632	18											
7972	23											
4374	1											
4632	21											
19	23											
2005	17											
4539	23											
1162	6											
2590	3											
7900	25											
1976	18											
7089	20											
668	9											
764	19											
4675	25											
4022	16											
3282	14											
5148	10											
8055	3											
3876	11											
2704	23											
8436	5											
3209	21											
744	17											
3060	18											
4196	5											
4574	5											
2113	7											
886	8											
6604	1											
191	24											
3809	16											
5052	12											
7016	22											
6936	17											
6181	5											
997	1											
9858	16											
5781	18											
1460	6											
5260	11											
5404	13											
547	8											
4417	22											
8230	1											
2889	9											
9438	8											
7378	5											
7799	4											
3039	22											
1980	16											
8566	2											
8323	24											
3936	16											
2633	19											
6645	19											
2077	16											
5168	4											
5136	22											
9720	11											
410	17											
2860	16											
5119	20											
4860	11											
7658	6											
7884	6											
9915	22											
4149	14											
2696	24											
4322	25											
6432	7											
2394	23											
6535	3											
471	7											
3614	3											
288	4											
8623	16											
1619	12											
915	4											
3562	19											
7544	2											
7187	12											
3189	5											
1472	25											
2377	10											
450	24											
1314	15											
6824	13											
34	12											
5256	21											
3426	11											
7471	23											
3700	12											
7561	9											
2246	25											
1255	17											
7810	15											
3713	7											
1500	16											
6457	10											
984	18											
4563	24											
4788	7											
1296	10											
3309	25											
260	21											
1152	10											
1920	9											
2185	10											
3978	25											
629	14											
4056	23											
9744	9											
6839	12											
329	1											
7102	21											
771	21											
8137	5											
94	22											
690	8											
8347	2											
117	9											
4183	9											
5389	5											
6495	10											
7757	17											
879	13											
5436	23											
1087	23											
865	19											
5342	19											
4013	9											
8847	11											
1346	15											
1234	14											
3138	6											
2863	20											
4639	16											
8754	20											
6438	15											
5603	19											
297	20											
2046	20											
5530	22											
5573	11											
6195	4											
3880	8											
9585	25											
4246	23											
3777	12											
1799	8											
7893	23											
8007	11											
712	24											
4700	3											
6439	18											
9736	3											
7834	16											
5639	16											
5030	2											
4215	25											
9724	12											
1273	25											
4978	13											
1102	17											
8544	6											
4178	14											
1708	3											
7063	15											
4180	25											
6853	23											
1405	12											
554	10											
4453	1											
2683	14											
852	8											
2992	14											
3015	17											
3887	23											
7866	4											
519	6											
8979	11											
8667	3											
2956	13											
4790	22											
9270	13											
4082	8											
1620	1											
5708	16											
4949	4											
1179	25											
7425	2											
6087	12											
1618	17											
3166	7											
1683	17											
5722	12											
4093	13											
9666	20											
9800	4											
7550	22											
6583	3											
8838	20											
9480	24											
2672	11											
9177	3											
8215	1											
8422	9											
1642	8											
6161	4											
2459	6											
1246	9											
8513	9											
4226	1											
7665	7											
9478	17											
5811	4											
2470	11											
9322	22											
6988	13											
6218	17											
5338	6											
9656	9											
3698	23											
1625	1											
621	10											
9171	11											
822	19											
3351	11											
8937	1											
9551	18											
6413	2											
3449	24											
4463	24											
9249	22											
860	24											
98	13											
9216	10											
522	16											
2842	3											
1226	6											
5005	20											
4466	23											
7947	17											
8095	13											
5948	12											
4742	6											
2611	7											
9392	25											
4960	24											
2490	14											
6347	17											
1075	4											
1608	13											
1076	13											
5413	23											
1626	12											
5855	17											
4009	17											
7598	2											
9825	20											
7037	18											
4397	22											
9469	20											
7979	18											
8214	14											
1650	21											
2519	19											
8677	23											
4325	11											
7605	13											
5295	19											
6999	8											
1960	23											
5677	16											
3328	19											
5635	10											
9082	2											
7861	11											
9056	16											
3930	20											
7585	8											
3143	21											
9500	7											
1905	22											
2048	20											
940	24											
6465	17											
4617	17											
4461	24											
8687	22											
2202	20											
1571	2											
811	8											
1835	22											
4932	15											
9847	15											
4002	3											
3242	15											
1235	3											
9556	7											
7273	2											
2593	5											
3103	20											
347	18											
1141	18											
3058	1											
4337	3											
7915	1											
3790	20											
5749	12											
2299	13											
2360	19											
247	25											
2803	10											
2092	8											
2297	5											
2902	12											
8528	1											
7618	18											
1753	14											
9616	8											
4644	12											
5624	16											
4066	16											
63	4											
6170	23											
8122	1											
9896	13											
6113	13											
9129	8											
1658	9											
883	15											
9093	9											
4359	18											
7	21											
9101	3											
5242	7											
5301	12											
7468	21											
2747	7											
7903	9											
875	14											
8264	3											
4876	9											
9423	1											
9846	2											
6586	14											
2995	10											
4685	16											
2998	22											
4422	22											
7366	19											
3041	6											
5822	1											
13	17											
8115	13											
2219	8											
7014	9											
9420	18											
4596	1											
8073	14											
3023	24											
7635	22											
6277	19											
1844	22											
1882	14											
656	2											
6987	10											
3847	21											
374	15											
3735	15											
3153	5											
9326	3											
8694	5											
8959	1											
4101	10											
7034	20											
3419	15											
3173	11											
9816	5											
7445	17											
4037	16											
8389	13											
9680	19											
9477	14											
910	10											
5830	5											
1450	25											
9278	18											
403	10											
5337	4											
7434	3											
9503	18											
3288	23											
5760	18											
3920	7											
8309	5											
6441	19											
8036	4											
7750	5											
8101	25											
7192	13											
1281	9											
5840	9											
7161	19											
1943	8											
5273	16											
7709	12											
8147	4											
3190	3											
5397	2											
718	15											
4606	17											
8630	8											
9888	1											
6015	19											
